2192875
2470600
2470594
2470604
2192863
2470638
2470136
2127396
2470120
2127378
2022972
2470037
3211399
2470056
2470592
2470617
2192885
2470637
2470602
2192883
2470204
2127365
2470148
2127372
3211395
2470121
2470211
2192862
2470616
2470614
2470622
2470639
2192871
2470172
2127371
2470199
2127320
3211393
2470162
2470198
2470591
2192861
2470588
2470613
2192865
2470625
2470153
2127412
2127302
2470038
3211391
2470227
2470193
2470640
2192879
2470642
2470641
2470619
2192872
2127314
2470065
2470094
2470069
3211396
2192880
2470598
2470608
2470621
2192869
2470611
2470144
2127429
2127343
2470131
2470074
2470218
3211397
2470597
2192864
2470601
2192873
2470635
2470589
2470078
2127350
2127357
2470224
2470058
3211394
2470212
2470590
2192874
2470606
2470631
2192882
2470629
2470112
2127346
2470192
2127444
2470187
3211398
2470225
2470626
2470623
2192878
2470596
2192866
2470610
2127433
2470230
2470183
2127316
3211389
2470072
2470239
391397
50690
139907
428347
428345
428290
428370
428379
2470627
2470593
2152278
2470609
2152267
2470634
375058
2470075
2470100
375066
2470214
3211388
2470089
1233237
1233232
1227940
1251969
1251975
1251977
1252003
189920
1614387
2192876
2470618
2470595
2192867
2470599
2470607
2127397
2470174
2470113
2127334
3211392
2470051
2470053
1168385
2470620
2192870
2470624
2470612
2192868
2470628
2470044
2127312
2127374
2470203
2470194
2470105
3211390
1236792
1236826
182267
983347
983389
983399
983376
983353
182252
983100
983102
983075
1236783
1236740
1236884
197642
198892
197579
1236737
1236833
1236735
1236881
1236848
1236779
1236764
1236843
1236896
1236851
1236807
1236889
1236861
1236819
1236794
1236872
1236846
1236797
1236875
1236768
1236780
1236841
1236869
1236754
1236844
1236763
1236830
1236880
1236897
1236748
1236842
1236840
1236784
983384
983335
983340
983400
983360
983370
983371
983391
983358
983361
983393
983386
983366
983373
983348
983390
983397
983359
983374
983352
983385
983343
983332
983350
983362
983355
983351
983369
983334
983337
983381
983356
983368
983392
167736
167754
167748
983364
167751
983401
983346
167742
983395
167761
983404
167741
983367
167757
167772
167749
983328
983336
167770
983329
983342
983372
983396
983344
983330
983380
983341
167753
983383
983405
983345
983379
983079
983072
983047
983049
983048
983046
983087
983073
983057
983094
983107
983077
983080
983101
983045
983069
983109
983108
983104
983052
983061
983106
983110
983092
983041
983038
983071
983096
983053
983042
983105
983066
983067
1236753
1236791
1236801
1236836
1236829
1236758
1236786
1236774
1236757
1236862
1236805
1236815
1236789
1236809
1236733
1236886
1236752
1236738
1236822
1236790
1236739
1236825
1236766
1236874
1236747
1236856
1236772
1236796
1236860
1236858
1236849
1236871
1236745
198882
198883
167771
167745
167768
198888
198891
167759
167744
198879
167739
198890
198886
167752
198885
198881
167758
167760
198893
167747
167740
167766
198880
167756
167735
167769
167764
167767
167765
198887
167737
167746
167750
1236765
983333
983349
983062
1236878
167738
2220913
1236865
1236731
2220909
2220915
2220911
2220907
1236824
2220908
1236799
2220914
2220906
1236741
2220895
2220890
983354
983331
983365
2220888
2220889
2220886
2220887
2220891
983377
983363
2220893
983338
2220903
983387
2220897
983388
2220905
2220901
2220898
2220896
983402
2220900
983398
2220899
2220881
983055
2220885
983086
2220882
983059
2220883
2220877
2220884
983044
2220878
2220879
983064
2220916
2220918
2220919
2220925
2220923
1236883
1236760
2220920
1236832
2220922
1236854
2220924
1236777
2159801
199595
197587
2159803
199597
199550
2159796
2159802
2159799
2159795
2159798
199561
2159797
2220910
2220894
2220902
2220876
2220921
2159800
2130525
2130647
2130646
2130569
2130523
2130317
2214374
2214373
2130611
2130323
2130461
2130681
197647
197578
2130334
2130395
2130352
2130658
2130644
2130342
2130636
2130534
2130351
2130410
2130346
2130524
2130729
2130587
2130428
2130609
2130369
2130368
2130562
2130694
2130313
2130305
2130573
2130649
2130542
2130546
2130659
2130448
2130381
2130594
2130344
2130554
2130411
2130713
2130450
2130541
2130375
2130560
2130572
2130604
2130614
2130422
2130537
2214393
2214378
2214371
2214380
2214379
2214367
2214384
2214386
2214369
2214368
2214389
2214385
2214392
2130304
2130507
2130664
2130571
2130415
2130347
2130328
2130306
2130618
2130495
2130668
2130420
2130496
2130401
2130310
2130536
2130678
2130296
2130294
2130468
2130481
2130311
2130616
2130710
2130409
2130363
882035
1235086
1235085
197644
882031
197573
1235087
1235084
1235089
197640
1235082
1235088
882034
2130607
2130670
2130702
2130660
2130338
2130362
2130717
2130366
2130737
2130300
2130355
2130585
2130402
2130645
2130484
2130501
2130398
2130689
2130376
2130488
2130509
2130444
2130741
2130626
2130521
2130561
141447
157723
157746
157736
2396597
2038360
190416
1433502
380743
381916
380742
380739
184199
61431
184205
139870
211388
70097
71667
450658
200411
200416
202185
375802
375777
418145
176562
176630
392767
392805
392781
392797
392798
392772
3214353
3214356
392800
392771
392793
392782
392802
392776
392768
392796
392806
392770
392789
392778
392788
392779
392780
392787
425921
425925