168915
181567
182986
202453
446877
451418
749454
918224
936381
937050
975118
975122
990526
1299476
1504190
1564164
1564179
2168960
2172405
2213207
2471842
2473583
2473590
2482219
2484854
2484859
2484869
2484926
2484927
2484948
2484957
2485115
2559639
2682349
3134946
3139027
3215295
3215310
3249386
3322429
3640861
3640872
3662335
3769447
3777129
3782637
3782655
3814821
4608852
4641129
4641159
4641236
4641246
4641253
5211391
5246693
5357757
5362412
5483238
5610711
5610742
5610745
5610746
5632644
5632648
5635856
5635864
5655483
5658424
5660752
5660753
5674022
5684250
5687081
5688797
5688837
5689111
5689950
5689972
5689973
5690080
5690152
5690157
5690159
5690196
5690759
5690790
5690827
5690856
5690870
5691108
5691381
5691411
5691439
5696534
5696564
5696600
5696605
5696627
5696872
5696914
5696945
5696947
5696958
5696960
5696968
5696997
5697009
6781764
6781779
6781814
6781897
6782106
6782628
6782820
6783177
6784620
6790454
6792863
6798373
6804253
6804441
6804724
6804879
6804942
6807106
6807118
6807206
6814387
8850594
8851011
8853379
8865182
8869456
8869506
8873946
8875183
8875431
8875443
8876258
8877003
8939706
8948709
8952638
8953946
8955289
8956040
8956045
9008076
9008077
9008479
9008715
9009308
9009403
9009440
9013069
9014342
9018494
9021523
