421508
68637
189543
186511
186617
163733
186609
189119
186583
186544
186469
163770
195733
187197
163743
163669
187246
6790038
3223236
421495
186524
190088
186558
186510
190093
186723
186509
186663
186550
190682
1629787
195734
186507
187247
163748
168884
186679
187253
186535
186548
164158
191072
2160931
2537524
4608855
74730
201425
8949659
2537499
174731
5668520
1454757
2186780
173545
2172433
8986181
2187382
450466
2176503
2471621
8949668
190829
201445
2176452
2169046
264834
2186767